Left Intrinsic Parameters:
376.79759  0.00000  145.76851  
0.00000  378.95647  101.79472  
0.00000  0.00000  1.00000  

Left Distortion Parameters:
0.01052  0.03282  -0.00585  -0.02447  

Right Intrinsic Parameters:
373.75644  0.00000  166.92007  
0.00000  374.47764  116.77075  
0.00000  0.00000  1.00000  

Right Distortion Parameters:
0.20124  -0.88980  -0.00059  0.00272  

Left Rectification Homography:
1.19878  -0.01449  -32.98893  
0.07065  1.10853  -22.12497  
0.00048  0.00003  0.91058  

Right Rectification Homography:
1.17778  -0.00742  -22.65923  
0.03286  1.11503  -22.19099  
0.00029  -0.00003  0.94993  

Left Translation :
0.00000  0.00000  0.00000  

Left Rotation:
0.00000  0.00000  0.00000  
0.00000  0.00000  0.00000  
0.00000  0.00000  0.00000  

Right Translation :
0.00000  0.00000  0.00000  

Right Rotation:
0.00000  0.00000  0.00000  
0.00000  0.00000  0.00000  
0.00000  0.00000  0.00000  

Relative Rotation:
0.02636  
-0.07373  
0.01534  

Relative Translation:
-75.35599  
-0.00475  
8.17124  

Essensial Matrix:
-0.11765  -8.16757  0.21503  
13.71360  1.80833  74.52490  
-1.07703  -75.32104  2.02636  

Fundamental Matrix:
-0.00001  -0.00039  0.04478  
0.00066  0.00009  1.25157  
-0.09593  -1.29981  1.00000  

Disparity to depth mapping matrix (Q):
1.00000  0.00000  0.00000  -219.53334  
0.00000  1.00000  0.00000  -108.81607  
0.00000  0.00000  0.00000  418.97821  
0.00000  0.00000  0.01319  -0.00000  

Vertical shift:
-1
